23017 28547 21604 30369 21017 19096 21641 29323 20089 27312 
22872 31616 19649 24903 22665 24978 20444 34626 18596 27145 
18741 27413 18510 27770 12991 15732 12337 24251 17331 27475 
29446 34169 27376 29879 25690 20442 22470 33212 19646 31511 
17049 24406 15200 23157 12741 14958 8279 24100 10845 20176 
22558 28121 20190 25351 18980 18405 16082 29664 19086 24033 
27001 30459 23140 27820 21714 17627 16259 31029 15155 26592 
24931 26871 20054 27707 13592 17516 10808 27895 14621 25966 
25747 26870 21464 21201 24028 20429 19504 32965 17227 28137 
19741 19685 17375 19639 17558 12979 14371 24837 18023 22106 
